{
 "chain_iptm": [
  0.55,
  0.55,
  0.55,
  0.55,
  0.55,
  0.55
 ],
 "chain_pair_iptm": [
  [
   0.54,
   0.6,
   0.53,
   0.49,
   0.53,
   0.59
  ],
  [
   0.6,
   0.54,
   0.6,
   0.53,
   0.49,
   0.53
  ],
  [
   0.53,
   0.6,
   0.54,
   0.59,
   0.53,
   0.49
  ],
  [
   0.49,
   0.53,
   0.59,
   0.54,
   0.6,
   0.53
  ],
  [
   0.53,
   0.49,
   0.53,
   0.6,
   0.54,
   0.59
  ],
  [
   0.59,
   0.53,
   0.49,
   0.53,
   0.59,
   0.54
  ]
 ],
 "chain_pair_pae_min": [
  [
   0.76,
   1.77,
   3.48,
   4.05,
   3.31,
   1.81
  ],
  [
   1.75,
   0.76,
   1.78,
   3.47,
   4.06,
   3.27
  ],
  [
   3.27,
   1.76,
   0.76,
   1.77,
   3.5,
   4.05
  ],
  [
   4.0,
   3.27,
   1.76,
   0.76,
   1.77,
   3.49
  ],
  [
   3.54,
   4.04,
   3.28,
   1.77,
   0.76,
   1.78
  ],
  [
   1.8,
   3.51,
   4.06,
   3.27,
   1.77,
   0.76
  ]
 ],
 "chain_ptm": [
  0.54,
  0.54,
  0.54,
  0.54,
  0.54,
  0.54
 ],
 "fraction_disordered": 0.32,
 "has_clash": 0.0,
 "iptm": 0.64,
 "num_recycles": 10.0,
 "ptm": 0.65,
 "ranking_score": 0.8
}