{
 "chain_iptm": [
  0.55,
  0.55,
  0.55,
  0.55,
  0.55,
  0.55
 ],
 "chain_pair_iptm": [
  [
   0.54,
   0.59,
   0.53,
   0.49,
   0.53,
   0.59
  ],
  [
   0.59,
   0.54,
   0.59,
   0.53,
   0.49,
   0.53
  ],
  [
   0.53,
   0.59,
   0.54,
   0.59,
   0.53,
   0.49
  ],
  [
   0.49,
   0.53,
   0.59,
   0.54,
   0.59,
   0.53
  ],
  [
   0.53,
   0.49,
   0.53,
   0.59,
   0.54,
   0.59
  ],
  [
   0.59,
   0.53,
   0.49,
   0.53,
   0.59,
   0.54
  ]
 ],
 "chain_pair_pae_min": [
  [
   0.76,
   1.77,
   3.44,
   3.99,
   3.32,
   1.82
  ],
  [
   1.77,
   0.76,
   1.78,
   3.46,
   3.98,
   3.31
  ],
  [
   3.28,
   1.79,
   0.76,
   1.78,
   3.46,
   3.96
  ],
  [
   3.96,
   3.28,
   1.77,
   0.76,
   1.77,
   3.46
  ],
  [
   3.52,
   3.96,
   3.28,
   1.78,
   0.76,
   1.78
  ],
  [
   1.82,
   3.48,
   3.96,
   3.29,
   1.79,
   0.76
  ]
 ],
 "chain_ptm": [
  0.54,
  0.54,
  0.54,
  0.54,
  0.54,
  0.54
 ],
 "fraction_disordered": 0.31,
 "has_clash": 0.0,
 "iptm": 0.64,
 "num_recycles": 10.0,
 "ptm": 0.65,
 "ranking_score": 0.8
}