{
 "chain_iptm": [
  0.55,
  0.55,
  0.55,
  0.55,
  0.55,
  0.54
 ],
 "chain_pair_iptm": [
  [
   0.54,
   0.59,
   0.53,
   0.49,
   0.53,
   0.59
  ],
  [
   0.59,
   0.54,
   0.59,
   0.53,
   0.49,
   0.53
  ],
  [
   0.53,
   0.59,
   0.54,
   0.59,
   0.53,
   0.49
  ],
  [
   0.49,
   0.53,
   0.59,
   0.54,
   0.59,
   0.53
  ],
  [
   0.53,
   0.49,
   0.53,
   0.59,
   0.54,
   0.59
  ],
  [
   0.59,
   0.53,
   0.49,
   0.53,
   0.59,
   0.54
  ]
 ],
 "chain_pair_pae_min": [
  [
   0.76,
   1.85,
   3.49,
   3.88,
   3.47,
   1.92
  ],
  [
   1.87,
   0.76,
   1.85,
   3.51,
   3.9,
   3.46
  ],
  [
   3.44,
   1.88,
   0.76,
   1.85,
   3.56,
   3.9
  ],
  [
   3.87,
   3.43,
   1.87,
   0.76,
   1.85,
   3.49
  ],
  [
   3.49,
   3.91,
   3.44,
   1.87,
   0.76,
   1.85
  ],
  [
   1.91,
   3.51,
   3.9,
   3.44,
   1.89,
   0.76
  ]
 ],
 "chain_ptm": [
  0.54,
  0.54,
  0.54,
  0.54,
  0.54,
  0.54
 ],
 "fraction_disordered": 0.32,
 "has_clash": 0.0,
 "iptm": 0.64,
 "num_recycles": 10.0,
 "ptm": 0.65,
 "ranking_score": 0.8
}