{
 "chain_iptm": [
  0.56,
  0.56,
  0.56,
  0.56,
  0.56,
  0.56,
  0.56
 ],
 "chain_pair_iptm": [
  [
   0.56,
   0.61,
   0.55,
   0.5,
   0.54,
   0.61,
   0.56
  ],
  [
   0.61,
   0.56,
   0.61,
   0.54,
   0.5,
   0.54,
   0.56
  ],
  [
   0.55,
   0.61,
   0.56,
   0.61,
   0.54,
   0.5,
   0.56
  ],
  [
   0.5,
   0.54,
   0.61,
   0.56,
   0.61,
   0.54,
   0.57
  ],
  [
   0.54,
   0.5,
   0.54,
   0.61,
   0.56,
   0.61,
   0.57
  ],
  [
   0.61,
   0.54,
   0.5,
   0.54,
   0.61,
   0.56,
   0.57
  ],
  [
   0.56,
   0.56,
   0.56,
   0.57,
   0.57,
   0.57,
   null
  ]
 ],
 "chain_pair_pae_min": [
  [
   0.76,
   1.77,
   3.38,
   3.7,
   3.36,
   1.85,
   8.89
  ],
  [
   1.74,
   0.76,
   1.79,
   3.38,
   3.72,
   3.33,
   8.96
  ],
  [
   3.31,
   1.77,
   0.76,
   1.78,
   3.41,
   3.71,
   8.99
  ],
  [
   3.7,
   3.32,
   1.75,
   0.76,
   1.77,
   3.39,
   8.88
  ],
  [
   3.4,
   3.7,
   3.32,
   1.76,
   0.76,
   1.79,
   8.91
  ],
  [
   1.83,
   3.45,
   3.78,
   3.31,
   1.77,
   0.76,
   8.91
  ],
  [
   null,
   null,
   null,
   null,
   null,
   null,
   null
  ]
 ],
 "chain_ptm": [
  0.56,
  0.56,
  0.56,
  0.56,
  0.56,
  0.56,
  null
 ],
 "fraction_disordered": 0.29,
 "has_clash": 0.0,
 "iptm": 0.65,
 "num_recycles": 10.0,
 "ptm": 0.66,
 "ranking_score": 0.8
}