{
 "chain_iptm": [
  0.56,
  0.56,
  0.56,
  0.56,
  0.56,
  0.56,
  0.57
 ],
 "chain_pair_iptm": [
  [
   0.56,
   0.61,
   0.55,
   0.5,
   0.54,
   0.61,
   0.58
  ],
  [
   0.61,
   0.56,
   0.61,
   0.55,
   0.5,
   0.54,
   0.57
  ],
  [
   0.55,
   0.61,
   0.56,
   0.61,
   0.54,
   0.5,
   0.57
  ],
  [
   0.5,
   0.55,
   0.61,
   0.56,
   0.61,
   0.54,
   0.58
  ],
  [
   0.54,
   0.5,
   0.54,
   0.61,
   0.56,
   0.61,
   0.57
  ],
  [
   0.61,
   0.54,
   0.5,
   0.54,
   0.61,
   0.56,
   0.58
  ],
  [
   0.58,
   0.57,
   0.57,
   0.58,
   0.57,
   0.58,
   null
  ]
 ],
 "chain_pair_pae_min": [
  [
   0.76,
   1.85,
   3.32,
   3.7,
   3.32,
   1.96,
   8.73
  ],
  [
   1.87,
   0.76,
   1.88,
   3.34,
   3.72,
   3.35,
   8.75
  ],
  [
   3.33,
   1.88,
   0.76,
   1.87,
   3.34,
   3.71,
   8.76
  ],
  [
   3.71,
   3.34,
   1.87,
   0.76,
   1.86,
   3.34,
   8.68
  ],
  [
   3.34,
   3.7,
   3.34,
   1.87,
   0.76,
   1.87,
   8.72
  ],
  [
   1.95,
   3.38,
   3.74,
   3.25,
   1.88,
   0.76,
   8.71
  ],
  [
   null,
   null,
   null,
   null,
   null,
   null,
   null
  ]
 ],
 "chain_ptm": [
  0.56,
  0.56,
  0.56,
  0.56,
  0.56,
  0.56,
  null
 ],
 "fraction_disordered": 0.29,
 "has_clash": 0.0,
 "iptm": 0.65,
 "num_recycles": 10.0,
 "ptm": 0.66,
 "ranking_score": 0.8
}